SNP	CHR	BP	GENPOS	ALLELE1	ALLELE0	A1FREQ	INFO	BETA	SE	P_BOLT_LMM_INF
rs17083623	4	64177443	0	A	G	0.889947	0.972664	1.60878	0.349002	4.0E-06
rs12640264	4	64178927	0	A	C	0.883296	0.989216	1.48708	0.335907	9.6E-06
rs72639645	4	64181696	0	C	A	0.882524	0.988709	1.5265	0.334998	5.2E-06
rs72639647	4	64182705	0	C	G	0.882459	0.990089	1.52084	0.334755	5.5E-06
rs62322582	4	64183471	0	T	C	0.882465	0.990753	1.52044	0.334685	5.5E-06
rs55776441	4	64189995	0	T	C	0.883206	0.994126	1.48227	0.335148	9.7E-06
rs55684235	4	64193412	0	G	C	0.883295	0.994907	1.48137	0.335103	9.8E-06
rs12651072	4	64196333	0	T	C	0.883301	0.994896	1.48232	0.335097	9.7E-06
rs75959670	4	64197029	0	A	G	0.883302	0.994896	1.48253	0.335096	9.7E-06
rs62322591	4	64197248	0	A	G	0.883303	0.994896	1.4826	0.335095	9.7E-06
rs56232390	4	64199624	0	C	T	0.883308	0.99491	1.48346	0.335088	9.6E-06
rs543034	4	64200014	0	G	A	0.883308	0.994912	1.48356	0.335086	9.5E-06
rs542330	4	64200050	0	C	A	0.883308	0.994913	1.48357	0.335086	9.5E-06
rs114316679	4	64200422	0	A	C	0.88331	0.994915	1.48367	0.335086	9.5E-06
rs142100100	4	64201835	0	C	T	0.884518	0.988157	1.50022	0.337448	8.8E-06
rs138159757	4	64202644	0	G	A	0.883314	0.994937	1.48439	0.335077	9.4E-06
rs138726387	4	64203281	0	C	T	0.882861	0.990936	1.48057	0.335039	9.9E-06
rs542559	4	64204078	0	C	T	0.883243	0.994898	1.48024	0.334993	9.9E-06
rs74551256	4	64204642	0	C	G	0.883244	0.994905	1.48044	0.334991	9.9E-06
rs481705	4	64207589	0	G	A	0.883324	0.99501	1.48595	0.335053	9.2E-06
rs477032	4	64208103	0	G	A	0.883251	0.994965	1.48154	0.334973	9.7E-06
rs515348	4	64208687	0	C	T	0.883253	0.994976	1.48171	0.334969	9.7E-06
rs560035	4	64208787	0	T	G	0.883253	0.994977	1.48175	0.33497	9.7E-06
rs556254	4	64209245	0	C	T	0.883254	0.994987	1.4819	0.334966	9.7E-06
rs574148	4	64210480	0	C	G	0.883256	0.995011	1.48229	0.334961	9.6E-06
rs515300	4	64210574	0	A	G	0.88333	0.995069	1.48687	0.335039	9.1E-06
rs12640454	4	64210759	0	G	A	0.883526	0.99273	1.50727	0.335403	7.0E-06
rs2459779	4	64213011	0	A	G	0.883332	0.995115	1.4875	0.335026	9.0E-06
rs500622	4	64214121	0	G	C	0.883258	0.995068	1.48327	0.334941	9.5E-06
rs75940297	4	64215212	0	G	A	0.883258	0.995075	1.48353	0.334935	9.5E-06
rs3107026	4	64215412	0	A	G	0.883333	0.995129	1.48812	0.335014	8.9E-06
rs485163	4	64215480	0	G	A	0.883258	0.995073	1.48359	0.334935	9.4E-06
rs693070	4	64219869	0	T	C	0.88304	0.994964	1.47836	0.334537	9.9E-06
rs554367	4	64221123	0	T	C	0.882875	0.994292	1.50044	0.334423	7.2E-06
rs472978	4	64221983	0	A	G	0.884018	0.989291	1.49863	0.336775	8.6E-06
rs502526	4	64222842	0	C	T	0.883112	0.995431	1.48217	0.334498	9.4E-06
rs78184800	4	64223368	0	TTATC	T	0.883115	0.995424	1.48217	0.334508	9.4E-06
rs506536	4	64225284	0	A	T	0.883046	0.995071	1.47791	0.334468	9.9E-06
rs510136	4	64225647	0	A	G	0.883126	0.995412	1.48212	0.33455	9.4E-06
rs492041	4	64227420	0	T	C	0.883238	0.995884	1.48454	0.334648	9.2E-06
rs530068	4	64230157	0	A	G	0.883259	0.995932	1.48432	0.334692	9.2E-06
rs1614748	4	64236932	0	T	C	0.883261	0.996008	1.48182	0.334622	9.5E-06
rs526839	4	64239615	0	T	C	0.8833	0.996113	1.48325	0.334477	9.2E-06
rs579778	4	64240785	0	A	C	0.883066	0.997118	1.48504	0.333777	8.6E-06
rs474040	4	64241318	0	A	T	0.883139	0.997318	1.48976	0.333854	8.1E-06
rs532361	4	64242302	0	T	C	0.883126	0.997267	1.48949	0.33385	8.1E-06
rs507651	4	64242715	0	C	T	0.883045	0.997155	1.48476	0.333769	8.6E-06
rs531177	4	64242934	0	C	T	0.883043	0.997173	1.48467	0.333765	8.7E-06
rs525170	4	64244202	0	C	T	0.883034	0.997104	1.4843	0.333768	8.7E-06
rs476275	4	64246362	0	T	C	0.883096	0.997126	1.48812	0.333852	8.3E-06
rs1713008	4	64247599	0	G	C	0.883015	0.997027	1.48327	0.333777	8.8E-06
rs144200075	4	64248739	0	C	T	0.883009	0.997003	1.48285	0.333776	8.9E-06
rs77604411	4	64249045	0	G	A	0.883082	0.997063	1.48727	0.333854	8.4E-06
rs482213	4	64249787	0	A	T	0.883079	0.997055	1.487	0.333853	8.4E-06
rs576610	4	64250301	0	A	G	0.883002	0.996986	1.48234	0.333775	8.9E-06
rs147291255	4	64250679	0	T	G	0.883	0.996986	1.48216	0.333773	9.0E-06
rs541792	4	64251791	0	G	C	0.88075	0.989301	1.4732	0.332803	9.6E-06
rs2244914	4	64252666	0	C	T	0.882989	0.996947	1.48117	0.333766	9.1E-06
rs2245444	4	64257965	0	T	C	0.882065	0.995625	1.47767	0.333231	9.2E-06
rs2459778	4	64260226	0	A	G	0.883084	0.997083	1.4897	0.333852	8.1E-06
rs2459777	4	64260345	0	A	T	0.883022	0.99698	1.49194	0.333833	7.9E-06
rs145260588	4	64261238	0	CTTTATAATTTAGACT	C	0.883156	0.996561	1.49154	0.334027	8.0E-06
rs145958313	4	64261322	0	TTATC	T	0.882912	0.995802	1.47966	0.333902	9.4E-06
rs550745	4	64265018	0	A	T	0.883075	0.996684	1.48898	0.333804	8.2E-06
rs76615794	4	64266912	0	CCTTAT	C	0.88349	0.994786	1.48388	0.334436	9.1E-06
rs34742108	4	64270503	0	TA	T	0.881867	0.997607	1.4924	0.332295	7.1E-06
rs518387	4	64272843	0	A	G	0.881834	0.997868	1.49559	0.332241	6.7E-06
rs576617	4	64274808	0	T	A	0.881596	0.995992	1.49934	0.332181	6.4E-06
rs546274	4	64274922	0	A	T	0.881607	0.99615	1.49893	0.332172	6.4E-06
rs544386	4	64275146	0	G	A	0.881607	0.996174	1.49883	0.33217	6.4E-06
rs79264343	4	64277445	0	AT	A	0.881333	0.995757	1.48674	0.332247	7.6E-06
rs557245	4	64277494	0	A	G	0.880937	0.998649	1.47457	0.331293	8.5E-06
rs72641521	4	64278721	0	G	A	0.881395	0.995332	1.48824	0.332403	7.6E-06
rs532079	4	64278846	0	A	G	0.881539	0.997597	1.49536	0.332168	6.7E-06
rs496425	4	64279771	0	G	T	0.880935	0.997911	1.47484	0.331304	8.5E-06
rs522603	4	64283774	0	A	G	0.880975	0.998111	1.47507	0.331434	8.6E-06
rs558651	4	64284133	0	A	G	0.880974	0.998089	1.47508	0.331436	8.6E-06
rs543849	4	64286631	0	C	T	0.880922	0.998136	1.47531	0.331343	8.5E-06
rs486574	4	64290220	0	G	A	0.119083	0.997967	-1.47538	0.33137	8.5E-06
rs11313868	4	64290828	0	GT	G	0.119479	0.996694	-1.47258	0.331309	8.8E-06
rs1514953	4	64300835	0	T	C	0.122136	0.984631	-1.47147	0.330181	8.3E-06
rs1156251	4	64301610	0	A	G	0.120297	0.994612	-1.4639	0.330845	9.7E-06
rs6829531	4	64313438	0	A	G	0.119594	0.997211	-1.46805	0.331211	9.3E-06
rs6551774	4	64313453	0	C	T	0.119599	0.997212	-1.46808	0.331207	9.3E-06
rs11427610	4	64313472	0	T	TA	0.119606	0.997215	-1.46813	0.331198	9.3E-06
rs2347409	4	64315375	0	A	G	0.119788	0.997575	-1.46853	0.330903	9.1E-06
rs11932939	4	64318033	0	G	A	0.11972	0.99728	-1.47118	0.331029	8.8E-06
rs2347411	4	64319633	0	G	C	0.119711	0.997025	-1.47032	0.331117	9.0E-06
rs2347412	4	64319737	0	T	A	0.119733	0.996981	-1.4702	0.331124	9.0E-06
rs2347413	4	64319831	0	C	T	0.119711	0.996998	-1.47029	0.331126	9.0E-06
rs2138092	4	64319959	0	G	A	0.119711	0.99698	-1.47031	0.331132	9.0E-06
rs1588829	4	64325771	0	T	G	0.119214	0.996189	-1.46742	0.331646	9.7E-06
rs2090191	4	64326387	0	G	T	0.119205	0.996063	-1.46769	0.331686	9.6E-06
rs2881627	4	64326740	0	T	C	0.119201	0.995994	-1.46789	0.331709	9.6E-06
rs1588828	4	64328385	0	G	C	0.119178	0.9957	-1.46877	0.331808	9.6E-06
rs2347416	4	64330880	0	C	T	0.119139	0.995137	-1.47148	0.332012	9.3E-06
rs1356024	4	64331759	0	T	C	0.119125	0.994891	-1.47351	0.332101	9.1E-06
rs6851973	4	64334185	0	A	G	0.118889	0.99345	-1.49702	0.332596	6.8E-06
rs13111788	4	64337233	0	T	C	0.116688	0.976863	-1.51418	0.337879	7.4E-06
rs4626236	4	64339791	0	G	A	0.115019	0.910651	-1.5646	0.35258	9.1E-06
rs2036688	5	178747387	0	C	T	0.900735	0.693319	1.96582	0.444813	9.9E-06
rs138564103	8	3539411	0	C	T	0.850163	0.909106	1.47379	0.316201	3.1E-06
rs407440	8	59938792	0	C	T	0.0984339	0.994626	-1.61454	0.365044	9.7E-06
rs851800	8	59939182	0	A	C	0.128177	0.997812	-1.54694	0.326435	2.1E-06
rs408873	8	59940340	0	G	A	0.127511	0.989316	-1.59058	0.328019	1.2E-06
rs180675209	9	4339862	0	T	A	0.50768	0.795029	-1.12118	0.241533	3.5E-06
rs174606	11	61626973	0	G	T	0.547868	0.978266	-0.972982	0.217055	7.4E-06
rs11407273	11	61627411	0	C	CT	0.455394	0.97967	0.986681	0.217002	5.4E-06
rs174609	11	61627811	0	T	C	0.548059	0.989592	-0.971497	0.215814	6.7E-06
rs174610	11	61627833	0	A	G	0.547468	0.990588	-0.96553	0.215756	7.6E-06
rs174612	11	61628266	0	C	G	0.547429	0.990602	-0.960903	0.215721	8.4E-06
rs174613	11	61628492	0	G	A	0.548005	0.990037	-0.966626	0.215731	7.4E-06
rs174614	11	61628915	0	T	C	0.548262	0.989813	-0.968911	0.21573	7.1E-06
rs201613209	11	61628963	0	AT	A	0.559543	0.97914	-0.975222	0.217666	7.5E-06
rs174615	11	61628964	0	T	A	0.548024	0.99047	-0.965311	0.215695	7.6E-06
rs174616	11	61629122	0	G	A	0.548	0.991001	-0.957858	0.215633	8.9E-06
rs174617	11	61629166	0	A	G	0.547523	0.990437	-0.955954	0.21565	9.3E-06
-9	11	61629656	0	A	ACT	0.552647	0.984098	-0.981185	0.216558	5.9E-06
rs59171789	11	61629666	0	A	G	0.450538	0.984924	0.97246	0.216116	6.8E-06
rs174623	11	61635294	0	G	A	0.451195	0.983001	0.987416	0.216237	5.0E-06
rs174626	11	61637057	0	G	A	0.453569	0.983797	0.971941	0.215843	6.7E-06
rs7142872	14	56218831	0	C	G	0.949539	0.888522	-2.41978	0.517543	2.9E-06
-9	14	56220290	0	G	GC	0.934261	0.864215	-2.2033	0.46338	2.0E-06
rs2614457	14	99686533	0	A	G	0.474842	0.997094	-0.950626	0.214915	9.7E-06
rs1257443	14	99686970	0	A	T	0.474699	0.997432	-0.954966	0.214813	8.8E-06
rs1257444	14	99687211	0	A	G	0.459397	0.996273	-0.966558	0.215674	7.4E-06
rs807733	14	99688409	0	G	A	0.462264	0.999311	-0.956449	0.215421	9.0E-06
rs807734	14	99688670	0	G	A	0.462037	0.998352	-0.959247	0.215577	8.6E-06
rs8069356	17	2311986	0	C	T	0.311047	0.94765	-1.0631	0.23637	6.9E-06
rs7212587	17	2314024	0	G	A	0.309764	0.953165	-1.08364	0.235976	4.4E-06
rs11078092	17	2314856	0	A	G	0.305214	0.956923	-1.06546	0.236248	6.5E-06
rs4435294	17	2315198	0	G	A	0.306045	0.957522	-1.06619	0.23607	6.3E-06
rs12961664	18	74104720	0	A	G	0.653324	0.859615	1.08334	0.243551	8.7E-06
rs111647242	18	74104759	0	G	T	0.66492	0.878485	1.07263	0.24256	9.8E-06
rs12983845	19	57009985	0	T	C	0.66478	0.843632	1.15776	0.247916	3.0E-06
rs67896217	20	374384	0	C	T	0.87302	0.843561	1.94131	0.362694	8.7E-08
rs67921043	20	374439	0	A	G	0.862601	0.838011	1.92836	0.350513	3.8E-08
rs6051656	20	374763	0	C	T	0.86481	0.830396	1.94908	0.354032	3.7E-08
rs73072869	20	375106	0	G	A	0.859934	0.841036	1.53672	0.34624	9.1E-06
rs6519014	22	36922743	0	C	A	0.856418	0.842731	1.478	0.331087	8.0E-06
