SNP	CHR	BP	GENPOS	ALLELE1	ALLELE0	A1FREQ	INFO	BETA	SE	P_BOLT_LMM_INF
rs12614124	2	69052523	0	G	A	0.719914	0.994629	-1.32497	0.292873	6.1E-06
rs17036047	2	69054390	0	A	G	0.719513	0.9982	-1.32583	0.291418	5.4E-06
rs4854461	2	69057330	0	A	G	0.720574	0.997784	-1.32769	0.291735	5.3E-06
rs8179547	2	69064232	0	G	T	0.674619	0.998991	-1.26313	0.277903	5.5E-06
rs12052847	2	69066077	0	G	A	0.710704	1	-1.33457	0.289136	3.9E-06
rs62133272	2	69067002	0	A	G	0.710534	0.99844	-1.33766	0.289255	3.8E-06
rs12622336	2	69068247	0	T	G	0.710599	0.998893	-1.33902	0.289339	3.7E-06
rs4854464	2	69068978	0	T	C	0.709776	0.998764	-1.3417	0.289187	3.5E-06
rs4854525	2	69069905	0	T	C	0.710287	0.995678	-1.33686	0.289662	3.9E-06
rs78268951	2	69070303	0	G	GA	0.711844	0.991073	-1.29487	0.290678	8.4E-06
rs62133290	2	69070651	0	A	G	0.711778	0.9884	-1.29351	0.291018	8.8E-06
rs139216647	2	69071235	0	A	ATATC	0.711668	0.985484	-1.28924	0.291506	9.7E-06
-9	2	69071240	0	T	TATC	0.72895	0.954302	-1.37239	0.303003	5.9E-06
rs590663	3	120632066	0	T	A	0.775446	0.906715	1.56817	0.334941	2.8E-06
rs2674	3	124482222	0	C	T	0.85551	0.985707	1.70635	0.381677	7.8E-06
rs181888	5	103936246	0	C	G	0.0427153	0.988711	-3.01574	0.653066	3.9E-06
rs80242913	6	32472598	0	A	G	0.729391	0.521012	1.94009	0.416819	3.2E-06
rs55937521	7	131525452	0	G	A	0.703883	0.972406	1.31217	0.295976	9.3E-06
rs886747	8	1402579	0	G	T	0.52419	0.990092	1.16157	0.262622	9.7E-06
rs886748	8	1402811	0	A	T	0.524728	0.990164	1.17297	0.262412	7.8E-06
rs740245	8	1403329	0	T	C	0.524439	0.990354	1.16424	0.262335	9.1E-06
rs740247	8	1403570	0	G	C	0.524574	0.990255	1.16831	0.262382	8.5E-06
rs4875861	8	1404446	0	A	G	0.52397	0.989958	1.15909	0.262323	9.9E-06
rs12676980	8	1404898	0	G	A	0.540443	0.964832	1.22716	0.265264	3.7E-06
rs7013449	8	1405079	0	C	A	0.527734	0.988374	1.16199	0.262865	9.8E-06
rs11059950	12	129315419	0	T	C	0.892323	0.973008	1.9526	0.432797	6.4E-06
rs9507565	13	19093095	0	A	G	0.858856	0.322379	3.00237	0.668747	7.1E-06
rs4465469	13	19095243	0	A	G	0.633769	0.34117	2.08382	0.470615	9.5E-06
rs10152852	15	90708574	0	C	T	0.440554	0.980903	1.28007	0.26573	1.5E-06
rs10152809	15	90708689	0	G	A	0.440291	0.982491	1.27786	0.265692	1.5E-06
rs4261509	15	90709376	0	T	A	0.440379	0.979578	1.27902	0.265813	1.5E-06
rs2352054	15	90709545	0	G	A	0.440334	0.979163	1.27505	0.26579	1.6E-06
rs57269413	15	90709951	0	G	A	0.440316	0.978644	1.27297	0.265835	1.7E-06
rs59565248	15	90710042	0	A	G	0.440171	0.978731	1.27437	0.26594	1.7E-06
rs58279224	15	90710052	0	C	T	0.440086	0.979152	1.27277	0.265885	1.7E-06
rs144460303	18	47194013	0	CTT	C	0.75219	0.991576	1.42558	0.310196	4.3E-06
rs12970803	18	47195574	0	A	T	0.752993	0.997308	1.4212	0.309948	4.5E-06
rs10502900	18	47195880	0	C	A	0.750468	1	1.38733	0.308636	7.0E-06
rs429358	19	45411941	0	T	C	0.868345	0.961725	1.77608	0.401491	9.7E-06
rs62196712	20	6907748	0	T	G	0.947688	0.544573	3.90921	0.796877	9.3E-07
rs112464615	22	47686355	0	C	T	0.872834	0.988198	1.95488	0.398838	9.5E-07
rs17175822	22	47687094	0	T	G	0.8494	0.998335	1.69319	0.366247	3.8E-06
