SNP	CHR	BP	GENPOS	ALLELE1	ALLELE0	A1FREQ	INFO	BETA	SE	P_BOLT_LMM_INF
rs306186	2	6588736	0	T	C	0.1015	0.853037	1.50793	0.304474	7.3E-07
rs13409385	2	36176752	0	C	T	0.906958	1	-1.28931	0.2889	8.1E-06
rs13409492	2	36176850	0	C	G	0.906742	0.998125	-1.27743	0.289021	9.9E-06
rs10184310	2	36185414	0	A	G	0.887005	0.9894	-1.22413	0.265592	4.0E-06
rs162094	5	55102422	0	T	C	0.864347	0.981072	-1.13266	0.245376	3.9E-06
rs12215198	6	113533372	0	G	A	0.76308	0.877854	-0.929848	0.208755	8.4E-06
rs78102821	8	71325110	0	A	T	0.92859	0.905153	-1.55288	0.339744	4.9E-06
rs10739069	9	4863305	0	T	A	0.857178	0.87995	1.19611	0.256201	3.0E-06
rs174606	11	61626973	0	G	T	0.548547	0.978266	-0.832262	0.169652	9.3E-07
rs11407273	11	61627411	0	C	CT	0.454565	0.97967	0.823767	0.169669	1.2E-06
rs174609	11	61627811	0	T	C	0.548434	0.989592	-0.823765	0.168707	1.0E-06
rs174610	11	61627833	0	A	G	0.547944	0.990588	-0.820642	0.168664	1.1E-06
rs174612	11	61628266	0	C	G	0.54793	0.990602	-0.8164	0.168648	1.3E-06
rs174613	11	61628492	0	G	A	0.548355	0.990037	-0.81834	0.16864	1.2E-06
rs174614	11	61628915	0	T	C	0.548603	0.989813	-0.817959	0.168656	1.2E-06
rs201613209	11	61628963	0	AT	A	0.558574	0.97914	-0.807884	0.170011	2.0E-06
rs174615	11	61628964	0	T	A	0.54834	0.99047	-0.816183	0.168609	1.3E-06
rs174616	11	61629122	0	G	A	0.54837	0.991001	-0.805588	0.168573	1.8E-06
rs174617	11	61629166	0	A	G	0.548004	0.990437	-0.812677	0.168636	1.4E-06
-9	11	61629656	0	A	ACT	0.552848	0.984098	-0.839101	0.169214	7.1E-07
rs59171789	11	61629666	0	A	G	0.450192	0.984924	0.808976	0.169092	1.7E-06
rs174623	11	61635294	0	G	A	0.450278	0.983001	0.839776	0.169254	7.0E-07
rs174626	11	61637057	0	G	A	0.452842	0.983797	0.833323	0.169023	8.2E-07
rs67306361	12	117989245	0	C	A	0.72762	0.982832	0.900581	0.188362	1.7E-06
rs35549026	12	117989315	0	C	A	0.729562	0.982957	0.874999	0.188579	3.5E-06
rs12435737	14	34416561	0	G	A	0.774685	0.992904	-0.944393	0.201125	2.7E-06
rs2236563	14	34417716	0	G	A	0.77659	0.99373	-0.920736	0.201434	4.9E-06
rs12890125	14	34422396	0	C	A	0.773072	0.98857	-0.918417	0.201143	5.0E-06
rs12436191	14	34422421	0	A	G	0.772784	0.985407	-0.914843	0.201099	5.4E-06
rs8019608	14	53087248	0	G	A	0.368534	0.998038	-0.773038	0.172869	7.8E-06
rs12883381	14	53094010	0	C	G	0.369297	0.999133	-0.769187	0.172822	8.6E-06
rs11157925	14	53100760	0	A	G	0.36833	0.999253	-0.764161	0.172718	9.7E-06
rs142573670	14	106112601	0	G	A	0.932283	0.437057	-2.25612	0.50292	7.3E-06
rs6582	15	40845597	0	A	G	0.405676	0.999802	-0.759336	0.169435	7.4E-06
rs1813898	15	40848894	0	G	A	0.405445	0.999324	-0.7641	0.169514	6.6E-06
rs8029384	15	40849680	0	C	G	0.405667	0.998282	-0.757432	0.169626	8.0E-06
rs8038407	15	40868731	0	T	C	0.405525	0.999842	-0.753696	0.169644	8.9E-06
rs2924387	15	40870647	0	G	A	0.405523	0.999856	-0.754473	0.169629	8.7E-06
rs1037445	15	40871212	0	C	T	0.40552	0.999865	-0.754398	0.169627	8.7E-06
rs7169621	15	40873138	0	A	G	0.405867	0.999358	-0.762686	0.169675	7.0E-06
rs8037334	15	40874078	0	T	C	0.405511	0.999875	-0.753957	0.169625	8.8E-06
rs8026605	15	40875584	0	G	A	0.405506	0.999951	-0.753727	0.169623	8.8E-06
rs3751653	15	40886621	0	T	C	0.595141	0.997106	0.75907	0.169839	7.8E-06
rs11855334	15	40914772	0	C	T	0.593383	0.999463	0.751939	0.169425	9.1E-06
rs35047458	15	40959624	0	G	A	0.594073	0.995991	0.757128	0.169687	8.1E-06
rs12902568	15	40960432	0	G	A	0.594738	0.99506	0.759748	0.169687	7.6E-06
rs34107533	15	40963008	0	C	CT	0.595034	0.991946	0.755512	0.170121	9.0E-06
rs34845954	15	40963013	0	G	T	0.595224	0.991501	0.753594	0.170187	9.5E-06
rs7182530	15	40963160	0	A	G	0.593749	0.995639	0.75563	0.169655	8.4E-06
rs12904801	15	40964435	0	A	G	0.594157	0.995019	0.755135	0.169749	8.6E-06
rs62100627	18	47177517	0	G	A	0.801421	0.996762	0.990314	0.210507	2.5E-06
rs2016101	18	47178260	0	G	C	0.801207	0.996307	0.989856	0.210479	2.6E-06
rs55736243	18	47181153	0	G	T	0.801488	0.993192	0.993693	0.210989	2.5E-06
rs113647034	18	47198736	0	CAG	C	0.574282	0.897376	0.804066	0.179216	7.2E-06
rs429358	19	45411941	0	T	C	0.865926	0.961725	1.21275	0.252633	1.6E-06
rs12721051	19	45422160	0	C	G	0.832346	0.865829	1.07888	0.242487	8.6E-06
rs4420638	19	45422946	0	A	G	0.835012	0.866626	1.10493	0.244865	6.4E-06
